loaded options
loaded data
0 5228.123101242707
1 4976.999965332278
increase
0.10500000000000001
2 4976.99996494302
increase
0.11025000000000001
3 4976.999964527176
increase
0.11576250000000002
4 4976.9999640824235
increase
0.12155062500000002
5 4976.999963606158
increase
0.12762815625000004
6 4976.999963095458
increase
0.13400956406250006
7 4976.999962547023
increase
0.14071004226562506
8 4976.999961957106
increase
0.14774554437890633
9 4976.99996132144
increase
0.15513282159785166
10 4976.999960635127
increase
0.16288946267774426
11 4976.9999598925115
increase
0.17103393581163148
12 4976.999959087018
increase
0.17958563260221305
13 4976.999958210939
increase
0.18856491423232372
14 4976.9999572551615
increase
0.1979931599439399
15 4976.9999562088
increase
0.2078928179411369
16 4976.99995505871
increase
0.21828745883819375
17 4976.999953788823
increase
0.22920183178010345
18 4976.999952379216
increase
0.24066192336910863
19 4976.999950804788
increase
0.25269501953756407
20 4976.999949033359
increase
0.2653297705144423
21 4976.99994702283
increase
0.27859625904016444
22 4976.999944716883
increase
0.2925260719921727
23 4976.99994203826
increase
0.3071523755917813
24 4976.999938878023
increase
0.3225099943713704
25 4976.999935077862
increase
0.3386354940899389
26 4976.999930400179
increase
0.3555672687944359
27 4976.99992447613
increase
0.37334563223415773
28 4976.999916712644
increase
0.3920129138458656
29 4976.999906120038
increase
0.4116135595381589
30 4976.999890973591
increase
0.4321942375150669
31 4976.999868082599
increase
0.4538039493908203
32 4976.999830968059
increase
0.47649414686036135
33 4976.999764387987
increase
0.5003188542033794
34 4976.999623195877
increase
0.5253347969135485
35 4976.99920909821
increase
0.5516015367592259
36 4976.9964031810705
increase
0.5791816135971871
37 5003.26872535121
0.5791816135971871
38 4945.0
increase
0.6081406942770465
39 4945.0
0.6081406942770465
40 4945.0
0.6081406942770465
41 4945.0
0.6081406942770465
42 4945.0
0.6081406942770465
43 4945.0
0.6081406942770465
44 4945.0
0.6081406942770465
45 4945.0
0.6081406942770465
46 4945.0
0.6081406942770465
47 4945.0
0.6081406942770465
48 4945.0
0.6081406942770465
49 4945.0
0.6081406942770465
50 4945.0
0.6081406942770465
51 4945.0
0.6081406942770465
52 4945.0
0.6081406942770465
53 4945.0
0.6081406942770465
54 4945.0
0.6081406942770465
55 4945.0
0.6081406942770465
56 4945.0
0.6081406942770465
57 4945.0
0.6081406942770465
58 4945.0
0.6081406942770465
59 4945.0
0.6081406942770465
60 4945.0
0.6081406942770465
61 4945.0
0.6081406942770465
62 4945.0
0.6081406942770465
63 4945.0
0.6081406942770465
64 4945.0
0.6081406942770465
65 4945.0
0.6081406942770465
66 4945.0
0.6081406942770465
67 4945.0
0.6081406942770465
68 4945.0
0.6081406942770465
69 4945.0
0.6081406942770465
70 4945.0
0.6081406942770465
71 4945.0
0.6081406942770465
72 4945.0
0.6081406942770465
73 4945.0
0.6081406942770465
74 4945.0
0.6081406942770465
75 4945.0
0.6081406942770465
76 4945.0
0.6081406942770465
77 4945.0
0.6081406942770465
78 4945.0
0.6081406942770465
79 4945.0
0.6081406942770465
80 4945.0
0.6081406942770465
81 4945.0
0.6081406942770465
82 4945.0
0.6081406942770465
83 4945.0
0.6081406942770465
84 4945.0
0.6081406942770465
85 4945.0
0.6081406942770465
86 4945.0
0.6081406942770465
87 4945.0
0.6081406942770465
88 4945.0
0.6081406942770465
89 4945.0
0.6081406942770465
90 4945.0
0.6081406942770465
91 4945.0
0.6081406942770465
92 4945.0
0.6081406942770465
93 4945.0
0.6081406942770465
94 4945.0
0.6081406942770465
95 4945.0
0.6081406942770465
96 4945.0
0.6081406942770465
97 4945.0
0.6081406942770465
98 4945.0
0.6081406942770465
99 4945.0
0.6081406942770465

0 4460.1957800533055
1 4380.803215774584
increase
0.10500000000000001
2 4408.255042804171
0.10500000000000001
3 4397.450182351157
increase
0.11025000000000001
4 4388.93021062935
increase
0.11576250000000002
5 4402.413102189665
0.11576250000000002
6 4414.6816909289
0.11576250000000002
7 4403.515223653045
increase
0.12155062500000002
8 4405.091554132301
0.12155062500000002
9 4398.438250386472
increase
0.12762815625000004
10 4400.119766755788
0.12762815625000004
11 4400.1164599929325
increase
0.13400956406250006
12 4400.106308708935
increase
0.14071004226562506
13 4400.0957474589995
increase
0.14774554437890633
14 4400.116016754537
0.14774554437890633
15 4400.087142780462
increase
0.15513282159785166
16 4406.080254910137
0.15513282159785166
17 4407.145497361555
0.15513282159785166
18 4398.074781196301
increase
0.16288946267774426
19 4398.1318113960315
0.16288946267774426
20 4403.487219272588
0.16288946267774426
21 4420.519540542817
0.16288946267774426
22 4392.862411248932
increase
0.17103393581163148
23 4384.200210110369
increase
0.17958563260221305
24 4394.743762166577
0.17958563260221305
25 4395.040817095516
0.17958563260221305
26 4381.835823513666
increase
0.18856491423232372
27 4362.057514020739
increase
0.1979931599439399
28 4359.175852346421
increase
0.2078928179411369
29 4359.175803548248
increase
0.21828745883819375
30 4359.175741601632
increase
0.22920183178010345
31 4359.175660632998
increase
0.24066192336910863
32 4359.175550762371
increase
0.25269501953756407
33 4359.175394091562
increase
0.2653297705144423
34 4359.17515484122
increase
0.27859625904016444
35 4359.174750965596
increase
0.2925260719921727
36 4359.173951544382
increase
0.3071523755917813
37 4359.171842384892
increase
0.3225099943713704
38 4359.161181709356
increase
0.3386354940899389
39 4351.7336541118275
increase
0.3555672687944359
40 4353.878690953223
0.3555672687944359
41 4353.8786316395845
increase
0.37334563223415773
42 4353.878550880692
increase
0.3920129138458656
43 4353.8784296492995
increase
0.4116135595381589
44 4353.878228724381
increase
0.4321942375150669
45 4353.8778361923505
increase
0.4538039493908203
46 4353.8767666864715
increase
0.47649414686036135
47 4353.867516891216
increase
0.5003188542033794
48 4357.473379519323
0.5003188542033794
49 4358.719325902496
0.5003188542033794
50 4356.240708858166
increase
0.5253347969135485
51 4356.240687040745
increase
0.5516015367592259
52 4356.240658855913
increase
0.5791816135971871
53 4356.240621176967
increase
0.6081406942770465
54 4356.24056849654
increase
0.6385477289908988
55 4356.2404902106555
increase
0.6704751154404438
56 4356.240363254257
increase
0.7039988712124661
57 4356.2401277100535
increase
0.7391988147730894
58 4356.239576804278
increase
0.7761587555117438
59 4356.237489913685
increase
0.8149666932873311
60 4356.203077197692
increase
0.8557150279516976
61 4358.907580852081
0.8557150279516976
62 4358.907580845664
increase
0.8985007793492825
63 4358.907580839218
increase
0.9434258183167467
64 4358.90758083242
increase
0.990597109232584
65 4358.907580825246
increase
1.0401269646942133
66 4358.907580817677
increase
1.092133312928924
67 4358.907580809686
increase
1.1467399785753702
68 4358.907580801248
increase
1.204076977504139
69 4358.907580792337
increase
1.264280826379346
70 4358.907580782921
increase
1.3274948676983134
71 4358.907580772971
increase
1.3938696110832292
72 4358.90758076245
increase
1.4635630916373907
73 4358.907580751324
increase
1.5367412462192602
74 4358.907580739551
increase
1.6135783085302233
75 4358.90758072709
increase
1.6942572239567346
76 4358.907580713894
increase
1.7789700851545713
77 4358.907580699915
increase
1.8679185894123
78 4358.907580685096
increase
1.961314518882915
79 4358.907580669382
increase
2.059380244827061
80 4358.907580652707
increase
2.162349257068414
81 4358.907580635003
increase
2.270466719921835
82 4358.907580616195
increase
2.3839900559179266
83 4358.907580596202
increase
2.503189558713823
84 4358.907580574933
increase
2.6283490366495146
85 4358.907580552289
increase
2.7597664884819904
86 4358.907580528163
increase
2.89775481290609
87 4358.907580502438
increase
3.0426425535513943
88 4358.907580474981
increase
3.194774681228964
89 4358.907580445648
increase
3.3545134152904126
90 4358.907580414279
increase
3.5222390860549333
91 4358.907580380697
increase
3.69835104035768
92 4358.907580344701
increase
3.8832685923755643
93 4358.907580306072
increase
4.077432021994342
94 4358.907580264562
increase
4.281303623094059
95 4358.907580219888
increase
4.495368804248763
96 4358.907580171738
increase
4.720137244461201
97 4358.907580119752
increase
4.9561441066842615
98 4358.907580063526
increase
5.203951312018475
99 4358.907580002595
increase
5.464148877619399